################################################################################
# Symmetry function scaling data.
################################################################################
# Col  Name     Description
################################################################################
# 1    e_index  Element index.
# 2    sf_index Symmetry function index.
# 3    sf_min   Symmetry function minimum.
# 4    sf_max   Symmetry function maximum.
# 5    sf_mean  Symmetry function mean.
# 6    sf_sigma Symmetry function sigma.
#########################################################################################################################
#        1          2                        3                        4                        5                        6
#  e_index   sf_index                   sf_min                   sf_max                  sf_mean                 sf_sigma
#########################################################################################################################
         1          1   0.0000000000000000E+00   3.0403613564544254E+00   7.7424955654350436E-01   4.0001583107003102E-01
         1          2   0.0000000000000000E+00   3.1558572876695612E+00   6.3354268691644700E-01   3.2190215420026974E-01
         1          3   0.0000000000000000E+00   3.0857137939078845E+00   6.0171703498685636E-01   2.9907078261586345E-01
         1          4   0.0000000000000000E+00   2.9198825465282661E+00   7.4256744954787024E-01   3.8487990917003895E-01
         1          5   0.0000000000000000E+00   3.0367281704187392E+00   6.0794004828468029E-01   3.1031339038482936E-01
         1          6   0.0000000000000000E+00   2.9703486953673202E+00   5.7701491487304468E-01   2.8802808234036226E-01
         1          7   0.0000000000000000E+00   2.7539264131311643E+00   6.9891743882609858E-01   3.6396529398789518E-01
         1          8   0.0000000000000000E+00   2.8724732292840596E+00   5.7264761224067995E-01   2.9426470911802993E-01
         1          9   0.0000000000000000E+00   2.8109640651099386E+00   5.4298402868273066E-01   2.7275319418184080E-01
         1         10   0.0000000000000000E+00   2.5192135514698548E+00   6.3716287523007209E-01   3.3423111503275793E-01
         1         11   0.0000000000000000E+00   2.6397999590125023E+00   5.2267679558726998E-01   2.7137124090720921E-01
         1         12   0.0000000000000000E+00   2.5845325424428953E+00   4.9484340097623875E-01   2.5100132354837240E-01
         1         13   0.0000000000000000E+00   2.1802681676089017E+00   5.4793905306776858E-01   2.9088635373799560E-01
         1         14   0.0000000000000000E+00   2.3028373361430194E+00   4.5038104730713657E-01   2.3781486099169966E-01
         1         15   0.0000000000000000E+00   2.2551832001094296E+00   4.2530060958943927E-01   2.1920679367796639E-01
         1         16   0.0000000000000000E+00   1.6889470921221601E+00   4.1854679406550760E-01   2.2688930568130605E-01
         1         17   0.0000000000000000E+00   1.8114434450207841E+00   3.4527422976398719E-01   1.8778915127409315E-01
         1         18   0.0000000000000000E+00   1.7717776797990934E+00   3.2447610326937448E-01   1.7203500670168476E-01
         1         19   0.0000000000000000E+00   1.0110389496298244E+00   2.4056966486562276E-01   1.3540095588200435E-01
         1         20   0.0000000000000000E+00   1.1224751945592364E+00   1.9989786930929124E-01   1.1489799561747027E-01
         1         21   0.0000000000000000E+00   1.0886763685723018E+00   1.8584823591960911E-01   1.0393307521741602E-01
         1         22   0.0000000000000000E+00   2.7200235571883846E-01   5.3765121680956832E-02   3.2641530951112871E-02
         1         23   0.0000000000000000E+00   3.2450209621771309E-01   4.5102620506303558E-02   2.9071730320406448E-02
         1         24   0.0000000000000000E+00   3.0195707935335497E-01   4.0552226469544470E-02   2.5371515943233572E-02
         1         25   0.0000000000000000E+00   2.7135597167603245E-02   2.6400593589910103E-05   1.7804380380892533E-04
         1         26   0.0000000000000000E+00   1.7313801095602956E-02   6.7079025430970820E-06   4.7164326337990699E-05
         1         27   0.0000000000000000E+00   8.0499685925957097E-03   4.2201726944721956E-06   2.1298391927774528E-05
         1         28   0.0000000000000000E+00   1.2526076893855972E-01   8.5114522183896823E-03   1.1259041197028911E-02
         1         29   0.0000000000000000E+00   9.1866766451685497E-02   1.1023433007768878E-02   7.7715702176947244E-03
         1         30   0.0000000000000000E+00   8.4914568164985174E-02   1.0312659348935476E-02   7.3930321113841874E-03
         1         31   0.0000000000000000E+00   1.5417830540364458E-01   5.6910824647252688E-03   5.9575909451477583E-03
         1         32   0.0000000000000000E+00   7.9559982864507023E-02   9.9071156105557841E-03   7.1360439025698608E-03
         1         33   0.0000000000000000E+00   1.4488456622148313E-01   4.8171028946008537E-03   5.2021784763167152E-03
         1         34   0.0000000000000000E+00   3.4297683591809941E-01   2.3802435135449471E-02   3.0764736013354412E-02
         1         35   0.0000000000000000E+00   2.5398326644433872E-01   3.1059013896860055E-02   2.0687957850742119E-02
         1         36   0.0000000000000000E+00   2.3165437141352974E-01   2.8604329745948443E-02   1.9221398735191533E-02
         1         37   0.0000000000000000E+00   3.9091808802492889E-01   1.5758322621934114E-02   1.4976001309970016E-02
         1         38   0.0000000000000000E+00   2.1583633620127682E-01   2.7660985759325369E-02   1.8655428304341300E-02
         1         39   0.0000000000000000E+00   3.7391063809981956E-01   1.3629636985211231E-02   1.3598658358532535E-02
         1         40   0.0000000000000000E+00   1.0356071438185982E-02   4.6253674924991151E-04   6.6615598866203612E-04
         1         41   0.0000000000000000E+00   8.6572943790601091E-03   6.1897358080755568E-04   5.5249613985224229E-04
         1         42   0.0000000000000000E+00   7.3456544302562213E-03   5.8969462730699344E-04   5.3373236323538825E-04
         1         43   0.0000000000000000E+00   1.3657455471396749E-02   3.2971886107257994E-04   4.3880235371819028E-04
         1         44   0.0000000000000000E+00   8.4350431071422080E-03   5.6385024976088988E-04   5.0374006357257453E-04
         1         45   0.0000000000000000E+00   1.2052587617316089E-02   2.6260439038558144E-04   3.6366627454726357E-04
         1         46   0.0000000000000000E+00   1.2809273023435133E-01   8.2475671619498935E-03   1.0425714834073641E-02
         1         47   0.0000000000000000E+00   1.0164633625018919E-01   1.1017617171481356E-02   7.1958409035256720E-03
         1         48   0.0000000000000000E+00   9.1603357206763644E-02   9.9644521732038440E-03   6.5138222995617173E-03
         1         49   0.0000000000000000E+00   1.4250323316597038E-01   5.4880628021586816E-03   4.9639745113607067E-03
         1         50   0.0000000000000000E+00   8.2089147835366069E-02   9.6323331058218598E-03   6.2173405991995624E-03
         1         51   0.0000000000000000E+00   1.3475832366542034E-01   4.8050784485558105E-03   4.6265630934341348E-03
         1         52   0.0000000000000000E+00   7.2800844051218505E-02   4.7207198782549939E-03   6.3100936073043068E-03
         1         53   0.0000000000000000E+00   5.4624506214278612E-02   6.1412817171066659E-03   4.4645981606142113E-03
         1         54   0.0000000000000000E+00   5.0273457147367084E-02   5.7064200740254674E-03   4.2206839146431410E-03
         1         55   0.0000000000000000E+00   9.1995252961153268E-02   3.1859754977822943E-03   3.4302560989788065E-03
         1         56   0.0000000000000000E+00   4.7802188305107046E-02   5.5148138451084697E-03   4.0908254272011262E-03
         1         57   0.0000000000000000E+00   8.5600949485225022E-02   2.6659107752111562E-03   2.9718585654816528E-03
         1         58   0.0000000000000000E+00   2.0029713984590278E-01   1.3318871971137030E-02   1.7435917220082559E-02
         1         59   0.0000000000000000E+00   1.5168191765590033E-01   1.7444279218104538E-02   1.2066054064806710E-02
         1         60   0.0000000000000000E+00   1.3748620610243370E-01   1.5954821241963884E-02   1.1141052907523560E-02
         1         61   0.0000000000000000E+00   2.3566240939096275E-01   8.9040035707791069E-03   8.7868951327277258E-03
         1         62   0.0000000000000000E+00   1.3085064255262902E-01   1.5539953090618204E-02   1.0864604559423490E-02
         1         63   0.0000000000000000E+00   2.2460405596473565E-01   7.6145022800956242E-03   7.9101648910843113E-03
         1         64   0.0000000000000000E+00   5.6402328255302035E-03   2.1600451789356286E-04   3.1553007642825073E-04
         1         65   0.0000000000000000E+00   4.4806795368923218E-03   2.9412335724780168E-04   2.7171341854763674E-04
         1         66   0.0000000000000000E+00   3.7385282181766023E-03   2.7872641990948118E-04   2.6146823785714235E-04
         1         67   0.0000000000000000E+00   7.2456415238072542E-03   1.5646300643603242E-04   2.1445994669384139E-04
         1         68   0.0000000000000000E+00   4.3639131517162061E-03   2.6544219893912793E-04   2.4398193537724083E-04
         1         69   0.0000000000000000E+00   6.2644019069068883E-03   1.2318473962086388E-04   1.7609473138722903E-04
         1         70   0.0000000000000000E+00   7.1858090754647094E-02   4.4296933322092663E-03   5.6619381666324249E-03
         1         71   0.0000000000000000E+00   5.8269372836316710E-02   5.9374959592033393E-03   4.0128824661217867E-03
         1         72   0.0000000000000000E+00   5.2003808438547849E-02   5.3273188788887597E-03   3.6067313476035130E-03
         1         73   0.0000000000000000E+00   8.2294166435974092E-02   2.9696356333139468E-03   2.7820592165002330E-03
         1         74   0.0000000000000000E+00   4.7420422752941511E-02   5.1820188529370804E-03   3.4511072685316749E-03
         1         75   0.0000000000000000E+00   7.7946726310702735E-02   2.5753518199534203E-03   2.5752787608071342E-03
         1         76   0.0000000000000000E+00   2.3212216367937992E-03   9.9877774358059573E-05   1.4310988404619832E-04
         1         77   0.0000000000000000E+00   1.9545853050748942E-03   1.3769021834208954E-04   1.2579670678601325E-04
         1         78   0.0000000000000000E+00   1.8058626006260529E-03   1.2182693222171930E-04   1.1385266017731442E-04
         1         79   0.0000000000000000E+00   3.5656134634533794E-03   7.3538771903970077E-05   9.5810377339282561E-05
         1         80   0.0000000000000000E+00   1.8937358267124161E-03   1.2228909005068708E-04   1.1012810701202427E-04
         1         81   0.0000000000000000E+00   3.0515079013446293E-03   5.6826928108995379E-05   7.8947674968373946E-05
         1         82   0.0000000000000000E+00   6.7321173300999744E-03   2.9247186115657681E-04   4.1388540255325897E-04
         1         83   0.0000000000000000E+00   5.9111332570029561E-03   4.0338438859713479E-04   3.6258557021981230E-04
         1         84   0.0000000000000000E+00   5.3288539151064226E-03   3.5174621651836108E-04   3.2081145007659720E-04
         1         85   0.0000000000000000E+00   9.9581064180995563E-03   2.1389385004076328E-04   2.6797349159951919E-04
         1         86   0.0000000000000000E+00   5.8721093378839347E-03   3.5768829042870436E-04   3.1298459502044056E-04
         1         87   0.0000000000000000E+00   8.7591404669824287E-03   1.6934447594370134E-04   2.2903031341193832E-04
         1         88   0.0000000000000000E+00   9.6888504314394645E-05   1.1519470390725462E-06   2.0434120409241204E-06
         1         89   0.0000000000000000E+00   7.9883326928490241E-05   1.7257323282431095E-06   2.2054350864342650E-06
         1         90   0.0000000000000000E+00   8.2093651072912124E-05   1.5704999446597904E-06   2.1204382102519088E-06
         1         91   0.0000000000000000E+00   8.9396265206308814E-05   8.8160769274087262E-07   1.5801555844493924E-06
         1         92   0.0000000000000000E+00   6.1087818600997378E-05   1.3947852362297134E-06   1.6500453254892423E-06
         1         93   0.0000000000000000E+00   6.4695622587248455E-05   6.2941587611023144E-07   1.1814623630883720E-06
         1         94   0.0000000000000000E+00   1.9516220827530296E-03   8.0200672318394057E-05   1.1208492836039506E-04
         1         95   0.0000000000000000E+00   1.6912585785091346E-03   1.1016995515733512E-04   9.7204870851071810E-05
         1         96   0.0000000000000000E+00   1.4763543775321844E-03   9.3942851012276195E-05   8.3458974879546053E-05
         1         97   0.0000000000000000E+00   2.6888144713979323E-03   5.7112917587634311E-05   6.9002526397609192E-05
         1         98   0.0000000000000000E+00   1.6386637162692987E-03   9.5471699747828943E-05   8.0404255667594217E-05
         1         99   0.0000000000000000E+00   2.4110921557310683E-03   4.6263343022070432E-05   6.1144804152570077E-05
         1        100   0.0000000000000000E+00   4.6218985888894748E+00   3.5468259844226424E-01   4.4617437972605639E-01
         1        101   0.0000000000000000E+00   3.0303888237302732E+00   4.5319574595270345E-01   2.8813591246741926E-01
         1        102   0.0000000000000000E+00   2.9698935656026233E+00   4.3593365377142668E-01   2.8099219190220248E-01
         1        103   0.0000000000000000E+00   4.9797176100680360E+00   2.2899856923465836E-01   2.1271602990233088E-01
         1        104   0.0000000000000000E+00   2.4405436102275861E+00   4.0830745409737623E-01   2.6082652361283198E-01
         1        105   0.0000000000000000E+00   4.7608148089560434E+00   2.0398497594012122E-01   1.9273873821343934E-01
         1        106   0.0000000000000000E+00   4.2951298450870228E+00   3.2735817629663305E-01   4.1036641726370016E-01
         1        107   0.0000000000000000E+00   2.8022392237134173E+00   4.2114722913295122E-01   2.5831502255667621E-01
         1        108   0.0000000000000000E+00   2.6355041637567327E+00   4.0010443204648577E-01   2.4827683135178996E-01
         1        109   0.0000000000000000E+00   4.6150184025739094E+00   2.1160917583159161E-01   1.8828854721111843E-01
         1        110   0.0000000000000000E+00   2.3489295296900634E+00   3.7693769290278745E-01   2.3496081903050997E-01
         1        111   0.0000000000000000E+00   4.4073679900175540E+00   1.8775081075666344E-01   1.7238099857156403E-01
         1        112   0.0000000000000000E+00   1.3233159904752820E+00   1.0200141003943232E-01   1.2862605779095185E-01
         1        113   0.0000000000000000E+00   1.0657102082913914E+00   1.2651861432793390E-01   8.6178639374497226E-02
         1        114   0.0000000000000000E+00   1.0421582574798924E+00   1.2296174366958793E-01   8.5136190371322779E-02
         1        115   0.0000000000000000E+00   1.4346451059192855E+00   6.5649058873306909E-02   6.4641330377366038E-02
         1        116   0.0000000000000000E+00   9.5371041935795353E-01   1.1613786169363494E-01   7.9447345994737129E-02
         1        117   0.0000000000000000E+00   1.3631563746879736E+00   5.8284701408135166E-02   5.8750942028210899E-02
         1        118   0.0000000000000000E+00   9.9654724666639427E-01   7.1426578154719325E-02   8.9340839995560348E-02
         1        119   0.0000000000000000E+00   7.3342989335517372E-01   9.3560293390752378E-02   5.7666357194294582E-02
         1        120   0.0000000000000000E+00   6.7159986852650422E-01   8.6846106059365505E-02   5.3681438242634882E-02
         1        121   0.0000000000000000E+00   1.0699458984275496E+00   4.6558188375925728E-02   4.0299862883278290E-02
         1        122   0.0000000000000000E+00   5.8062389366047917E-01   8.2770288902710917E-02   5.1321503516592010E-02
         1        123   0.0000000000000000E+00   1.0097095557541487E+00   4.1325945606040165E-02   3.7658339919407091E-02
         1        124   0.0000000000000000E+00   3.0285008206845356E+00   2.2881564069056087E-01   2.9134314606512424E-01
         1        125   0.0000000000000000E+00   1.9985156667779425E+00   2.9276660300349533E-01   1.9066748720200274E-01
         1        126   0.0000000000000000E+00   1.9541753305245777E+00   2.8125239186688072E-01   1.8588871126603707E-01
         1        127   0.0000000000000000E+00   3.3336527571737125E+00   1.4858984110378343E-01   1.4265466071953500E-01
         1        128   0.0000000000000000E+00   1.6600480955336423E+00   2.6430090612209284E-01   1.7332886315724205E-01
         1        129   0.0000000000000000E+00   3.1960747175125634E+00   1.3109243128982720E-01   1.2806556289700885E-01
         1        130   0.0000000000000000E+00   2.7855069589246289E+00   2.0892195641922437E-01   2.6479510629556224E-01
         1        131   0.0000000000000000E+00   1.8469328152760389E+00   2.6905994061688543E-01   1.6932858892100847E-01
         1        132   0.0000000000000000E+00   1.7256341616307993E+00   2.5462769580352779E-01   1.6231688676942549E-01
         1        133   0.0000000000000000E+00   3.0564841234527123E+00   1.3581544988900890E-01   1.2477780021965242E-01
         1        134   0.0000000000000000E+00   1.5731356595438279E+00   2.4098574220999011E-01   1.5441198439284809E-01
         1        135   0.0000000000000000E+00   2.9296860039261423E+00   1.1949618030535490E-01   1.1327975639210658E-01
         1        136   0.0000000000000000E+00   8.6766556496821790E-01   6.5870788274067976E-02   8.4291718580991673E-02
         1        137   0.0000000000000000E+00   7.0347141257311263E-01   8.1624190496868670E-02   5.7394405456747503E-02
         1        138   0.0000000000000000E+00   6.8639090019647175E-01   7.9519847141931069E-02   5.6791366542366717E-02
         1        139   0.0000000000000000E+00   9.6071051374190575E-01   4.2596736046982955E-02   4.3648499840544745E-02
         1        140   0.0000000000000000E+00   6.3561331805117394E-01   7.5327456381569305E-02   5.3248680494073199E-02
         1        141   0.0000000000000000E+00   9.1544403649253625E-01   3.7377876454326373E-02   3.9299462761143801E-02
         1        142   0.0000000000000000E+00   6.2467170320232912E-01   4.3818627576454425E-02   5.5327490801544067E-02
         1        143   0.0000000000000000E+00   4.6738278908667047E-01   5.7483283828281932E-02   3.6347745859010912E-02
         1        144   0.0000000000000000E+00   4.2539773228284083E-01   5.3110134599436004E-02   3.3696002723356176E-02
         1        145   0.0000000000000000E+00   6.8354188002280380E-01   2.8723207529874586E-02   2.5591609757083328E-02
         1        146   0.0000000000000000E+00   3.7361542386916546E-01   5.0860569274232395E-02   3.2359394386569117E-02
         1        147   0.0000000000000000E+00   6.4905532290990309E-01   2.5299978981075451E-02   2.3752372411552286E-02
         1        148   0.0000000000000000E+00   2.4900619382937569E-01   1.5210645297581493E-02   2.0644462075417574E-02
         1        149   0.0000000000000000E+00   1.7734703733507851E-01   1.9861932163342470E-02   1.5203330189597530E-02
         1        150   0.0000000000000000E+00   1.6575270118549321E-01   1.8840913731133554E-02   1.4690028101848975E-02
         1        151   0.0000000000000000E+00   3.2035649598535826E-01   1.0387029159997351E-02   1.1984255118167905E-02
         1        152   0.0000000000000000E+00   1.6940654493544960E-01   1.8018514388500342E-02   1.3899640220854496E-02
         1        153   0.0000000000000000E+00   2.9558806322311493E-01   8.6059240495406555E-03   1.0209591262661721E-02
         1        154   0.0000000000000000E+00   2.1520538111568185E-01   1.3126848000822226E-02   1.7709366185916644E-02
         1        155   0.0000000000000000E+00   1.6420956731193304E-01   1.7242066954459418E-02   1.2952678209423821E-02
         1        156   0.0000000000000000E+00   1.5140211588631183E-01   1.5894343045469973E-02   1.2171535136099186E-02
         1        157   0.0000000000000000E+00   2.7619821594038108E-01   8.9734930269613454E-03   9.9705838305109637E-03
         1        158   0.0000000000000000E+00   1.4393999017280604E-01   1.5449161977407299E-02   1.1781828520331196E-02
         1        159   0.0000000000000000E+00   2.5582560162071988E-01   7.4318020711195134E-03   8.5688017802794843E-03
         1        160   0.0000000000000000E+00   7.3764367268249795E-02   4.4294766095475434E-03   6.1616314034091246E-03
         1        161   0.0000000000000000E+00   6.4690350636760277E-02   5.4826428326173685E-03   4.6991340367086316E-03
         1        162   0.0000000000000000E+00   5.7707448380626303E-02   5.3836672664424948E-03   4.6473351467950768E-03
         1        163   0.0000000000000000E+00   9.2586272472981304E-02   2.9734175646747608E-03   3.7764265841917755E-03
         1        164   0.0000000000000000E+00   6.3278038246181792E-02   5.1911808211543365E-03   4.4556389594731594E-03
         1        165   0.0000000000000000E+00   8.5119766749501891E-02   2.4362688451497129E-03   3.2447167838041170E-03
         1        166   0.0000000000000000E+00   3.8016810900224338E-02   2.1919088732393743E-03   2.9699493484005675E-03
         1        167   0.0000000000000000E+00   3.0712412554031433E-02   2.9058100794025206E-03   2.2351673308425805E-03
         1        168   0.0000000000000000E+00   2.7707280320046577E-02   2.6156772651260269E-03   2.0293016155105716E-03
         1        169   0.0000000000000000E+00   4.8427992428022065E-02   1.5064822753727751E-03   1.6437619384286509E-03
         1        170   0.0000000000000000E+00   2.8518105516494401E-02   2.5948824485137363E-03   2.0019763010451219E-03
         1        171   0.0000000000000000E+00   4.5357305147741549E-02   1.2532255183911132E-03   1.4552519784298606E-03
         2          1   0.0000000000000000E+00   2.9155642346477406E+00   6.5469832624642166E-01   3.1326060536816119E-01
         2          2   0.0000000000000000E+00   3.3940104305190988E+00   7.7015468814991861E-01   3.9394551574861780E-01
         2          3   0.0000000000000000E+00   3.0804433801251538E+00   6.2189249086521692E-01   2.9882113704690794E-01
         2          4   0.0000000000000000E+00   2.8061692886829506E+00   6.2824074887102310E-01   3.0180630682723297E-01
         2          5   0.0000000000000000E+00   3.2622656517306674E+00   7.3902281416185356E-01   3.7901818821266131E-01
         2          6   0.0000000000000000E+00   2.9651614868844756E+00   5.9650283967560291E-01   2.8780300948996551E-01
         2          7   0.0000000000000000E+00   2.6551656830348489E+00   5.9176980652674971E-01   2.8596124102768228E-01
         2          8   0.0000000000000000E+00   3.0805135925577032E+00   6.9611595207761412E-01   3.5840012844399732E-01
         2          9   0.0000000000000000E+00   2.8058872618697173E+00   5.6152093741807085E-01   2.7256320228765440E-01
         2         10   0.0000000000000000E+00   2.4409074260181733E+00   5.4013033423895918E-01   2.6339512965452894E-01
         2         11   0.0000000000000000E+00   2.8229210657054722E+00   6.3537856233776902E-01   3.2910763090081607E-01
         2         12   0.0000000000000000E+00   2.5796040301357253E+00   5.1202647444072336E-01   2.5086345324444137E-01
         2         13   0.0000000000000000E+00   2.1298183151922201E+00   4.6542044274907735E-01   2.3040241561461827E-01
         2         14   0.0000000000000000E+00   2.4498646827062296E+00   5.4753561993507049E-01   2.8645923645864008E-01
         2         15   0.0000000000000000E+00   2.2504552470897941E+00   4.4050646215453199E-01   2.1914922561815281E-01
         2         16   0.0000000000000000E+00   1.6743140426742598E+00   3.5680383499133772E-01   1.8141645127479036E-01
         2         17   0.0000000000000000E+00   1.9070750615981968E+00   4.1987639322290360E-01   2.2363002216288502E-01
         2         18   0.0000000000000000E+00   1.7673297774501557E+00   3.3674960936733239E-01   1.7210119727139431E-01
         2         19   0.0000000000000000E+00   1.0319463867556982E+00   2.0657297946883044E-01   1.1049281598249973E-01
         2         20   0.0000000000000000E+00   1.1547649360567287E+00   2.4331336920813482E-01   1.3405705324471059E-01
         2         21   0.0000000000000000E+00   1.0847341586977997E+00   1.9382872703945700E-01   1.0415150665550685E-01
         2         22   0.0000000000000000E+00   2.8830470579671658E-01   4.6608714400169157E-02   2.7730780866312744E-02
         2         23   0.0000000000000000E+00   3.3444090324847026E-01   5.4900907488384464E-02   3.2450011076475785E-02
         2         24   0.0000000000000000E+00   2.9971019387432840E-01   4.2946110725366297E-02   2.5545818154646273E-02
         2         25   0.0000000000000000E+00   1.7313801095602956E-02   6.9318968686461359E-06   4.7766139526372304E-05
         2         26   0.0000000000000000E+00   5.3237604303705858E-03   6.6999286169457966E-06   2.1239572146730331E-05
         2         27   0.0000000000000000E+00   3.2369334856284771E-03   4.5514086395145935E-06   1.0721328232068837E-05
         2         28   0.0000000000000000E+00   1.3008780925148147E-01   5.8383240939088848E-03   5.8091990811892889E-03
         2         29   0.0000000000000000E+00   9.1144118637028496E-02   1.1658912024500772E-02   7.7725199068904649E-03
         2         30   0.0000000000000000E+00   7.9750797726812650E-02   1.0370343929862731E-02   6.8240614670412973E-03
         2         31   0.0000000000000000E+00   1.6392629548225593E-01   8.5345212171592036E-03   1.1956095288586408E-02
         2         32   0.0000000000000000E+00   8.6092975102987454E-02   1.1079880120915254E-02   7.6481443855562050E-03
         2         33   0.0000000000000000E+00   1.4381814988971781E-01   5.1147225768193409E-03   5.3550347295534947E-03
         2         34   0.0000000000000000E+00   3.2627362028053497E-01   1.5905520576535544E-02   1.4858865526076124E-02
         2         35   0.0000000000000000E+00   2.5280092629606266E-01   3.2672401079487066E-02   2.0785482482266311E-02
         2         36   0.0000000000000000E+00   2.1481422172526299E-01   2.8452254128728420E-02   1.7736187601547205E-02
         2         37   0.0000000000000000E+00   4.4724999061247694E-01   2.3817131306739944E-02   3.2658831215700526E-02
         2         38   0.0000000000000000E+00   2.4627398529877359E-01   3.0597283114243527E-02   2.0057744949682151E-02
         2         39   0.0000000000000000E+00   3.7226706729631892E-01   1.4398303650750248E-02   1.3978739015379868E-02
         2         40   0.0000000000000000E+00   1.0958078493941106E-02   3.3908369850951472E-04   4.1404461608597973E-04
         2         41   0.0000000000000000E+00   8.8773079215143554E-03   6.5821861658740637E-04   5.5665887354915198E-04
         2         42   0.0000000000000000E+00   8.1932718765530925E-03   6.0063401347834643E-04   4.9442234575178018E-04
         2         43   0.0000000000000000E+00   1.4464960879247698E-02   4.9501146434993335E-04   7.4402516836210133E-04
         2         44   0.0000000000000000E+00   8.5332716601541573E-03   6.2843617246317299E-04   5.4386469264407298E-04
         2         45   0.0000000000000000E+00   1.1892461453194546E-02   2.9004102338342865E-04   3.7938590029488437E-04
         2         46   0.0000000000000000E+00   1.1394647593903122E-01   5.5393669577993429E-03   5.0052501702603511E-03
         2         47   0.0000000000000000E+00   1.0199659046528405E-01   1.1451021053956801E-02   7.2073720652722816E-03
         2         48   0.0000000000000000E+00   8.1342908500861733E-02   9.7781650198394479E-03   5.8761706344360723E-03
         2         49   0.0000000000000000E+00   1.7128900025479285E-01   8.3403333795032380E-03   1.1256925156759212E-02
         2         50   0.0000000000000000E+00   9.8985005078680285E-02   1.0619236243201432E-02   6.8939553294322161E-03
         2         51   0.0000000000000000E+00   1.3438844486148813E-01   5.0685195470572481E-03   4.7621762168253154E-03
         2         52   0.0000000000000000E+00   7.7013552905585050E-02   3.2469298545274761E-03   3.3227844050017891E-03
         2         53   0.0000000000000000E+00   5.3975511736756215E-02   6.5264051845525467E-03   4.4872037309577686E-03
         2         54   0.0000000000000000E+00   4.7845693762715163E-02   5.7740522431000540E-03   3.9178824442704313E-03
         2         55   0.0000000000000000E+00   9.6050872935830880E-02   4.7689699239138504E-03   6.7592883257770386E-03
         2         56   0.0000000000000000E+00   5.0911325327505010E-02   6.1677278915883774E-03   4.3763203922870513E-03
         2         57   0.0000000000000000E+00   8.4879310019292317E-02   2.8391982726271086E-03   3.0619974355896936E-03
         2         58   0.0000000000000000E+00   1.9547058277917817E-01   8.9396422476789566E-03   8.6459510604733579E-03
         2         59   0.0000000000000000E+00   1.5127928748803354E-01   1.8460984691467928E-02   1.2192315998589076E-02
         2         60   0.0000000000000000E+00   1.3072977117327247E-01   1.5983788162919312E-02   1.0344386638555287E-02
         2         61   0.0000000000000000E+00   2.6491416650838667E-01   1.3436555785997532E-02   1.8679404562617078E-02
         2         62   0.0000000000000000E+00   1.4764100027778179E-01   1.7187684892118759E-02   1.1643477319784858E-02
         2         63   0.0000000000000000E+00   2.2342854426571390E-01   8.0669817425873067E-03   8.1324004313305699E-03
         2         64   0.0000000000000000E+00   5.7033070823529208E-03   1.6121086368799594E-04   2.0206863086695150E-04
         2         65   0.0000000000000000E+00   4.6056994827481761E-03   3.1156992608521018E-04   2.7373502738069753E-04
         2         66   0.0000000000000000E+00   4.2208999548274916E-03   2.8274446453143001E-04   2.3894078677129423E-04
         2         67   0.0000000000000000E+00   7.7044101567031471E-03   2.3331894506954811E-04   3.5701333782098250E-04
         2         68   0.0000000000000000E+00   4.4488636159403785E-03   2.9713129995990583E-04   2.6635982315286719E-04
         2         69   0.0000000000000000E+00   6.1702611601891647E-03   1.3638692669094087E-04   1.8432494448592139E-04
         2         70   0.0000000000000000E+00   6.5374608462703612E-02   2.9930126645396947E-03   2.7891136714659924E-03
         2         71   0.0000000000000000E+00   5.8608717909513233E-02   6.2004676498173296E-03   4.0383629380037244E-03
         2         72   0.0000000000000000E+00   4.7241604025300823E-02   5.2568546835204000E-03   3.2627461970248972E-03
         2         73   0.0000000000000000E+00   9.7897073491200373E-02   4.5030587599968240E-03   6.1573308298624330E-03
         2         74   0.0000000000000000E+00   5.6558797724786621E-02   5.7122235426749620E-03   3.8195269993339725E-03
         2         75   0.0000000000000000E+00   7.7691772854730154E-02   2.7216367692043655E-03   2.6497804020611079E-03
         2         76   0.0000000000000000E+00   2.7445674298742862E-03   7.1205013745187382E-05   8.8007307321294633E-05
         2         77   0.0000000000000000E+00   2.1517453074314094E-03   1.5031951171601141E-04   1.3099810810579757E-04
         2         78   0.0000000000000000E+00   1.9253191744103488E-03   1.2757545473033482E-04   1.0642766879064740E-04
         2         79   0.0000000000000000E+00   3.8171841088125631E-03   1.0883177842530726E-04   1.7070786908971445E-04
         2         80   0.0000000000000000E+00   1.9058775493220848E-03   1.3690570904138059E-04   1.2105650452206376E-04
         2         81   0.0000000000000000E+00   3.0025352948340332E-03   6.1959504803198531E-05   8.2120795266019806E-05
         2         82   0.0000000000000000E+00   7.6501821035114799E-03   2.0836623445412189E-04   2.5138027732995636E-04
         2         83   0.0000000000000000E+00   6.3253174596950507E-03   4.4374197895243050E-04   3.8212593767700010E-04
         2         84   0.0000000000000000E+00   5.5550040459973159E-03   3.6842961979030635E-04   3.0182898321169313E-04
         2         85   0.0000000000000000E+00   1.0679051948040676E-02   3.1999679658757343E-04   4.9765939214027036E-04
         2         86   0.0000000000000000E+00   5.7074283402660355E-03   3.9852213188034215E-04   3.4666784169309282E-04
         2         87   0.0000000000000000E+00   8.6403147054957743E-03   1.8334787614081153E-04   2.3657563876406176E-04
         2         88   0.0000000000000000E+00   5.5896790115271449E-05   9.2092413339543026E-07   1.4566050680579105E-06
         2         89   0.0000000000000000E+00   4.7646282725601527E-05   1.7178246842298033E-06   2.0905351952830962E-06
         2         90   0.0000000000000000E+00   5.5550880745710191E-05   1.4916823435435894E-06   1.6101127382170703E-06
         2         91   0.0000000000000000E+00   1.0018326545437499E-04   1.2366977226169199E-06   2.3423502251864362E-06
         2         92   0.0000000000000000E+00   4.5455856772342022E-05   1.5992608674260001E-06   1.9470661131119881E-06
         2         93   0.0000000000000000E+00   6.1767288159238543E-05   7.0308657042059641E-07   1.2619641240335453E-06
         2         94   0.0000000000000000E+00   2.0137915680975230E-03   5.7582733866645497E-05   6.7952778429411129E-05
         2         95   0.0000000000000000E+00   1.8209581886403320E-03   1.2025512850654909E-04   1.0234628107797432E-04
         2         96   0.0000000000000000E+00   1.5103439353800249E-03   9.7189807094209479E-05   7.7245648233174844E-05
         2         97   0.0000000000000000E+00   2.8939880040372112E-03   8.5846076974890360E-05   1.3216811091297198E-04
         2         98   0.0000000000000000E+00   1.6541137381306844E-03   1.0611471325138832E-04   9.1138158615372322E-05
         2         99   0.0000000000000000E+00   2.3842828161497460E-03   4.9637683390252515E-05   6.2731408221925223E-05
         2        100   0.0000000000000000E+00   4.2502574031774483E+00   2.4084908142333186E-01   2.1306977109765365E-01
         2        101   0.0000000000000000E+00   3.1534178955865082E+00   4.6815022972127246E-01   2.8238546740069459E-01
         2        102   0.0000000000000000E+00   2.3980764814240669E+00   4.2718723236925493E-01   2.5087971146674426E-01
         2        103   0.0000000000000000E+00   5.7596534009661600E+00   3.4905061511295538E-01   4.6151448185663385E-01
         2        104   0.0000000000000000E+00   3.1868172510494586E+00   4.5250795827298201E-01   2.8516238478069350E-01
         2        105   0.0000000000000000E+00   4.7445657090776390E+00   2.1616869779096343E-01   1.9812024958866137E-01
         2        106   0.0000000000000000E+00   3.9152142487247348E+00   2.1937330392811266E-01   1.8955295374768472E-01
         2        107   0.0000000000000000E+00   2.8719635818938598E+00   4.3662593017029577E-01   2.5563743807618822E-01
         2        108   0.0000000000000000E+00   2.3145459794085355E+00   3.9130410120381148E-01   2.2396116213632403E-01
         2        109   0.0000000000000000E+00   5.3855996935207466E+00   3.2090618447823444E-01   4.2630227316837871E-01
         2        110   0.0000000000000000E+00   2.7103977700945943E+00   4.1967494984423287E-01   2.5677546173433580E-01
         2        111   0.0000000000000000E+00   4.3924495096078875E+00   1.9750128986141152E-01   1.7725430592945060E-01
         2        112   0.0000000000000000E+00   1.2178580294486985E+00   6.8348053682531593E-02   6.3924246806828108E-02
         2        113   0.0000000000000000E+00   1.0750725682828879E+00   1.3164445922268164E-01   8.5449858655982938E-02
         2        114   0.0000000000000000E+00   8.9760940219766727E-01   1.2254478184602778E-01   7.8830936609320265E-02
         2        115   0.0000000000000000E+00   1.6484435759660756E+00   1.0103216656507770E-01   1.3250745233777889E-01
         2        116   0.0000000000000000E+00   1.1245898564582999E+00   1.2587431462903773E-01   8.5045749321651723E-02
         2        117   0.0000000000000000E+00   1.3586044456665805E+00   6.2397165104865766E-02   6.0256853177932723E-02
         2        118   0.0000000000000000E+00   8.8281487499779998E-01   4.7447479071045066E-02   4.0994280079731264E-02
         2        119   0.0000000000000000E+00   7.2758484911251498E-01   9.6923537141196156E-02   5.7399306508928279E-02
         2        120   0.0000000000000000E+00   5.8882597226310229E-01   8.4768738573047023E-02   4.8580888740052196E-02
         2        121   0.0000000000000000E+00   1.2743898683311323E+00   7.0956471135494636E-02   9.4193741811641210E-02
         2        122   0.0000000000000000E+00   7.0750595988368170E-01   9.1493777048876984E-02   5.6423388699451966E-02
         2        123   0.0000000000000000E+00   1.0064882461986580E+00   4.3520447187978317E-02   3.8813332725191038E-02
         2        124   0.0000000000000000E+00   2.8505990614283796E+00   1.5594773754046481E-01   1.4191866305233017E-01
         2        125   0.0000000000000000E+00   2.0716331727002659E+00   3.0363371630047931E-01   1.8720140292731163E-01
         2        126   0.0000000000000000E+00   1.6305927388718859E+00   2.7696990835975038E-01   1.6684555378670601E-01
         2        127   0.0000000000000000E+00   3.8061633632519913E+00   2.2614997828205471E-01   3.0205134337136907E-01
         2        128   0.0000000000000000E+00   2.1028897083066043E+00   2.9291011165037201E-01   1.8839004986238048E-01
         2        129   0.0000000000000000E+00   3.1837156094075629E+00   1.3920004488700999E-01   1.3162114393606289E-01
         2        130   0.0000000000000000E+00   2.5974754185405824E+00   1.4045502381247263E-01   1.2476260168133957E-01
         2        131   0.0000000000000000E+00   1.8847580874007208E+00   2.8012524556305951E-01   1.6792793017044810E-01
         2        132   0.0000000000000000E+00   1.5487509099166348E+00   2.5039804580877745E-01   1.4710841357527968E-01
         2        133   0.0000000000000000E+00   3.5254599459853195E+00   2.0551606076022599E-01   2.7586584257633068E-01
         2        134   0.0000000000000000E+00   1.7805655455649017E+00   2.6841041927407172E-01   1.6767755078295457E-01
         2        135   0.0000000000000000E+00   2.9185416099673267E+00   1.2586261296135925E-01   1.1642272671812541E-01
         2        136   0.0000000000000000E+00   8.1740725136157666E-01   4.4104882176733300E-02   4.2781760045120222E-02
         2        137   0.0000000000000000E+00   7.1149243667756601E-01   8.5416084218510727E-02   5.7152568300667124E-02
         2        138   0.0000000000000000E+00   6.0368557359915853E-01   7.9758402470371817E-02   5.3164627382039545E-02
         2        139   0.0000000000000000E+00   1.0898114686435236E+00   6.5535437634479290E-02   8.6925606746370718E-02
         2        140   0.0000000000000000E+00   7.4461518757953837E-01   8.1465558145353792E-02   5.6688437091366700E-02
         2        141   0.0000000000000000E+00   9.1195678013695014E-01   4.0144428578463467E-02   4.0292818434659226E-02
         2        142   0.0000000000000000E+00   5.6428360847502057E-01   2.9174974709459237E-02   2.5867380901682627E-02
         2        143   0.0000000000000000E+00   4.6489234918461347E-01   5.9797066378748251E-02   3.6291284259854506E-02
         2        144   0.0000000000000000E+00   3.8125089036494603E-01   5.2090659267123390E-02   3.0629456695283816E-02
         2        145   0.0000000000000000E+00   8.0910805125640473E-01   4.3678033496420798E-02   5.8554904682523827E-02
         2        146   0.0000000000000000E+00   4.5047363297854970E-01   5.6191502953721606E-02   3.5345273344947289E-02
         2        147   0.0000000000000000E+00   6.4678278069811912E-01   2.6684601867399078E-02   2.4471069489608546E-02
         2        148   0.0000000000000000E+00   2.6703624161533601E-01   1.0768488927911615E-02   1.1523782104671969E-02
         2        149   0.0000000000000000E+00   1.8804218363472588E-01   2.1034430858909235E-02   1.5151241650883347E-02
         2        150   0.0000000000000000E+00   1.6552293866042356E-01   1.9083079491328897E-02   1.3484942418887211E-02
         2        151   0.0000000000000000E+00   3.3268277307666444E-01   1.5657014760729573E-02   2.2236082119973192E-02
         2        152   0.0000000000000000E+00   1.8185991161249221E-01   2.0080111367809149E-02   1.4962616439369894E-02
         2        153   0.0000000000000000E+00   2.9288624507879496E-01   9.3007107356939903E-03   1.0542398779237343E-02
         2        154   0.0000000000000000E+00   2.2914143430551467E-01   9.1366381706043404E-03   9.5790891825438089E-03
         2        155   0.0000000000000000E+00   1.6098429201374276E-01   1.8403268607386128E-02   1.3067951226028673E-02
         2        156   0.0000000000000000E+00   1.4400096260030310E-01   1.6179616403893406E-02   1.1271469787786285E-02
         2        157   0.0000000000000000E+00   2.8683451098017892E-01   1.3432713849483895E-02   1.9272996116808057E-02
         2        158   0.0000000000000000E+00   1.5129911956405756E-01   1.7330919663792556E-02   1.2659187245247068E-02
         2        159   0.0000000000000000E+00   2.5353862544591566E-01   7.9429284895582500E-03   8.8318186257078379E-03
         2        160   0.0000000000000000E+00   7.7143071288281434E-02   2.9824948388576591E-03   3.5476692573763705E-03
         2        161   0.0000000000000000E+00   6.6634048446519947E-02   5.9206657332812069E-03   4.8038083642066610E-03
         2        162   0.0000000000000000E+00   6.1977041700408166E-02   5.6057970945462320E-03   4.5748320729539623E-03
         2        163   0.0000000000000000E+00   9.6171189255371242E-02   4.5599736674410444E-03   6.5008325366850278E-03
         2        164   0.0000000000000000E+00   6.5084988502348340E-02   5.5939669222259854E-03   4.7081481494962874E-03
         2        165   0.0000000000000000E+00   8.4337452786397316E-02   2.6775017336953255E-03   3.3484132701360973E-03
         2        166   0.0000000000000000E+00   3.9248263978285944E-02   1.4905992851090353E-03   1.5865753837494554E-03
         2        167   0.0000000000000000E+00   3.1768288753490886E-02   3.1331960853598203E-03   2.3028693979567031E-03
         2        168   0.0000000000000000E+00   2.7774340362947982E-02   2.6699871972566480E-03   1.9140191908665642E-03
         2        169   0.0000000000000000E+00   5.2193724623877495E-02   2.2707302325842894E-03   3.2875221552059125E-03
         2        170   0.0000000000000000E+00   3.0008974527653588E-02   2.8720181112054004E-03   2.1419906324047786E-03
         2        171   0.0000000000000000E+00   4.4989833153584527E-02   1.3389263209667686E-03   1.4954713476035507E-03
         3          1   0.0000000000000000E+00   2.8879163495709772E+00   6.1826035481402952E-01   3.2848004143408505E-01
         3          2   0.0000000000000000E+00   3.0822014466575962E+00   6.1834244143897921E-01   3.3493088941272359E-01
         3          3   0.0000000000000000E+00   3.2926741741574639E+00   7.8013782763410366E-01   4.5702966810492995E-01
         3          4   0.0000000000000000E+00   2.7790957100782410E+00   5.9287908644665221E-01   3.1604964517266709E-01
         3          5   0.0000000000000000E+00   2.9667593207022445E+00   5.9309772609914924E-01   3.2232798307084964E-01
         3          6   0.0000000000000000E+00   3.1643896604630721E+00   7.4852929666941848E-01   4.3960856612832466E-01
         3          7   0.0000000000000000E+00   2.6288983292259549E+00   5.5791257137845363E-01   2.9887640074589927E-01
         3          8   0.0000000000000000E+00   2.8072587584547053E+00   5.5831551668863266E-01   3.0490633194718281E-01
         3          9   0.0000000000000000E+00   2.9874864551551332E+00   7.0495594833860520E-01   4.1553378330585233E-01
         3         10   0.0000000000000000E+00   2.4158147440089710E+00   5.0844838832198458E-01   2.7446777364034569E-01
         3         11   0.0000000000000000E+00   2.5806448185061321E+00   5.0910359095441848E-01   2.8012570357740996E-01
         3         12   0.0000000000000000E+00   2.7369145691030536E+00   6.4325658157430532E-01   3.8130912253338811E-01
         3         13   0.0000000000000000E+00   2.1065101284526908E+00   4.3699362075254106E-01   2.3890172015578623E-01
         3         14   0.0000000000000000E+00   2.2509994220836540E+00   4.3799184791461704E-01   2.4398241796896777E-01
         3         15   0.0000000000000000E+00   2.3743252658917777E+00   5.5398659741624345E-01   3.3144863030698524E-01
         3         16   0.0000000000000000E+00   1.6538539501261837E+00   3.3339709376913224E-01   1.8642594740552795E-01
         3         17   0.0000000000000000E+00   1.7671326782232688E+00   3.3482728714109505E-01   1.9059772351132420E-01
         3         18   0.0000000000000000E+00   1.8485194505280336E+00   4.2419722652277725E-01   2.5798743020542259E-01
         3         19   0.0000000000000000E+00   1.0163262494515160E+00   1.9095785826261147E-01   1.1144095980254851E-01
         3         20   0.0000000000000000E+00   1.0836095038392026E+00   1.9272226318706748E-01   1.1425112768267127E-01
         3         21   0.0000000000000000E+00   1.1194946797326504E+00   2.4472709764634881E-01   1.5351932920576569E-01
         3         22   0.0000000000000000E+00   2.8129776080877195E-01   4.1667149952148319E-02   2.6549125273422621E-02
         3         23   0.0000000000000000E+00   2.9853999969238326E-01   4.2700954499846330E-02   2.7552707654939976E-02
         3         24   0.0000000000000000E+00   3.0700826610319742E-01   5.4212120535018671E-02   3.6261615542980262E-02
         3         25   0.0000000000000000E+00   8.0499685925957097E-03   4.3362001002977287E-06   2.1510078844456902E-05
         3         26   0.0000000000000000E+00   3.2369334856284771E-03   4.5254270979031102E-06   1.0721013870394546E-05
         3         27   0.0000000000000000E+00   2.3398822944296219E-03   5.2079710369768004E-06   1.0867894239731437E-05
         3         28   0.0000000000000000E+00   1.2611096271412836E-01   5.2304325887127055E-03   5.3867267061155962E-03
         3         29   0.0000000000000000E+00   7.8658861697462862E-02   1.0036812806750135E-02   7.1996231037569653E-03
         3         30   0.0000000000000000E+00   8.2861202589994853E-02   1.0043275010813296E-02   7.4797818237333381E-03
         3         31   0.0000000000000000E+00   1.4350880420896547E-01   5.3786712720924907E-03   5.6801331642424976E-03
         3         32   0.0000000000000000E+00   8.5298423864846443E-02   1.0269433560460856E-02   7.9751794679604922E-03
         3         33   0.0000000000000000E+00   1.5392103062927359E-01   9.4931895508056120E-03   1.4224255318414331E-02
         3         34   0.0000000000000000E+00   3.1825000614411053E-01   1.4763044483630951E-02   1.4406532154374938E-02
         3         35   0.0000000000000000E+00   2.2197962704788043E-01   2.8564167940187658E-02   1.9430868114468945E-02
         3         36   0.0000000000000000E+00   2.3438288303354846E-01   2.7864536402582518E-02   1.9612402156511208E-02
         3         37   0.0000000000000000E+00   3.7262256616257405E-01   1.5340954101760305E-02   1.4935551907291523E-02
         3         38   0.0000000000000000E+00   2.4716592383303365E-01   2.8533840171407445E-02   2.0998954822592394E-02
         3         39   0.0000000000000000E+00   4.1652742526201630E-01   2.6551043767543494E-02   3.9003635852201318E-02
         3         40   0.0000000000000000E+00   1.0469483371581613E-02   2.8272192279936654E-04   3.5879204600102312E-04
         3         41   0.0000000000000000E+00   8.0802404881462220E-03   5.4571775375230214E-04   4.7987734730472331E-04
         3         42   0.0000000000000000E+00   8.1333950156949626E-03   5.6323301616143548E-04   5.2844853514622924E-04
         3         43   0.0000000000000000E+00   1.1812616927944795E-02   2.9904210345026914E-04   3.9587404252424698E-04
         3         44   0.0000000000000000E+00   8.4013361057298421E-03   5.8050585067745874E-04   5.5047449824668394E-04
         3         45   0.0000000000000000E+00   1.2442046668382332E-02   5.2677661494662028E-04   8.5411910735221357E-04
         3         46   0.0000000000000000E+00   1.1165336469409062E-01   5.2310349767044845E-03   4.9654070733028315E-03
         3         47   0.0000000000000000E+00   8.2596371784340150E-02   1.0096925921008615E-02   6.6796847103221466E-03
         3         48   0.0000000000000000E+00   9.2044192291118890E-02   9.6742498021984667E-03   6.7085018272825632E-03
         3         49   0.0000000000000000E+00   1.3485063665746552E-01   5.4464029418823624E-03   5.1008163539711148E-03
         3         50   0.0000000000000000E+00   9.9333734140723079E-02   9.9638858732519816E-03   7.1897556200204464E-03
         3         51   0.0000000000000000E+00   1.5776906628989748E-01   9.2055128429459083E-03   1.3411973339043941E-02
         3         52   0.0000000000000000E+00   7.4448295071919177E-02   2.8879407711774265E-03   3.0575789731504114E-03
         3         53   0.0000000000000000E+00   4.7356841885442799E-02   5.5842270507694093E-03   4.1148820975088858E-03
         3         54   0.0000000000000000E+00   4.9382172170042087E-02   5.5600088514623147E-03   4.2647246515308953E-03
         3         55   0.0000000000000000E+00   8.4625240940988625E-02   2.9923320495196656E-03   3.2458763002685786E-03
         3         56   0.0000000000000000E+00   5.0352183372812172E-02   5.7004024273649848E-03   4.5482307405342697E-03
         3         57   0.0000000000000000E+00   9.0129827864487352E-02   5.2966313062553375E-03   8.0106873493895128E-03
         3         58   0.0000000000000000E+00   1.9009422986299504E-01   8.2404517813355841E-03   8.3172086143642882E-03
         3         59   0.0000000000000000E+00   1.3534560733638570E-01   1.6049409557995387E-02   1.1290246902848586E-02
         3         60   0.0000000000000000E+00   1.4018600758694236E-01   1.5566106759831900E-02   1.1348885796225026E-02
         3         61   0.0000000000000000E+00   2.2350812979004486E-01   8.6187126033916983E-03   8.6866218407497617E-03
         3         62   0.0000000000000000E+00   1.4767441425399608E-01   1.5987442582624890E-02   1.2153814572187699E-02
         3         63   0.0000000000000000E+00   2.4643289276200905E-01   1.4954561005736373E-02   2.2223970253129239E-02
         3         64   0.0000000000000000E+00   5.4244328849034065E-03   1.3225506398019423E-04   1.7227298673164800E-04
         3         65   0.0000000000000000E+00   4.1566096987398068E-03   2.5545747535982459E-04   2.2977524201791337E-04
         3         66   0.0000000000000000E+00   4.1483168745396204E-03   2.6430522791262963E-04   2.5731989783715195E-04
         3         67   0.0000000000000000E+00   6.1213614521018834E-03   1.4042996667921394E-04   1.9128501773489393E-04
         3         68   0.0000000000000000E+00   4.3107983442217772E-03   2.7316093330315979E-04   2.6838402911543363E-04
         3         69   0.0000000000000000E+00   6.5637399499660076E-03   2.4738881354447140E-04   4.0743938813750033E-04
         3         70   0.0000000000000000E+00   6.4123284315672810E-02   2.8103448035955974E-03   2.7505927951431987E-03
         3         71   0.0000000000000000E+00   4.8107102122767531E-02   5.4416846456262517E-03   3.7043099106992402E-03
         3         72   0.0000000000000000E+00   5.2407351717642076E-02   5.1792002838269317E-03   3.7066677158212945E-03
         3         73   0.0000000000000000E+00   7.7943915509808823E-02   2.9348979117368962E-03   2.8379732957414167E-03
         3         74   0.0000000000000000E+00   5.6769800622841392E-02   5.3482147605088941E-03   3.9772089911911781E-03
         3         75   0.0000000000000000E+00   8.9760240890006684E-02   4.9626048167563290E-03   7.3121663673464607E-03
         3         76   0.0000000000000000E+00   2.5992848976052300E-03   6.0469928378749866E-05   7.7093029195186770E-05
         3         77   0.0000000000000000E+00   1.9267063741742053E-03   1.2309712517711435E-04   1.0897771033028229E-04
         3         78   0.0000000000000000E+00   1.9063038108291773E-03   1.1863280270267787E-04   1.1557461186389262E-04
         3         79   0.0000000000000000E+00   2.9774494879130494E-03   6.6607244302956060E-05   8.6706231771121236E-05
         3         80   0.0000000000000000E+00   1.9032560559814758E-03   1.2416327661747735E-04   1.2225369959918334E-04
         3         81   0.0000000000000000E+00   3.1615487791738436E-03   1.1756503206751544E-04   1.9324618050812879E-04
         3         82   0.0000000000000000E+00   7.2799127763819443E-03   1.8282674260284762E-04   2.2914209076568731E-04
         3         83   0.0000000000000000E+00   5.8385640333014554E-03   3.7007652340403154E-04   3.2240283276625353E-04
         3         84   0.0000000000000000E+00   5.5305240006835116E-03   3.4614650181364465E-04   3.2974406749303122E-04
         3         85   0.0000000000000000E+00   8.5915325984060702E-03   1.9957844151335179E-04   2.5134802626944688E-04
         3         86   0.0000000000000000E+00   5.7632292864970352E-03   3.6365082972392073E-04   3.5161010449876823E-04
         3         87   0.0000000000000000E+00   9.1564855683970766E-03   3.4611285227350696E-04   5.6516665724686607E-04
         3         88   0.0000000000000000E+00   5.1456568878657658E-05   6.7039707154542435E-07   1.0927981691568559E-06
         3         89   0.0000000000000000E+00   3.5935320777318642E-05   1.2886132386500825E-06   1.4216427767146212E-06
         3         90   0.0000000000000000E+00   5.2704916323245602E-05   1.3600296982430570E-06   1.8244669948118116E-06
         3         91   0.0000000000000000E+00   5.9859459030882699E-05   7.1956766581804756E-07   1.2707639995485836E-06
         3         92   0.0000000000000000E+00   4.1357118973084657E-05   1.4218762483456052E-06   1.8939009670681978E-06
         3         93   0.0000000000000000E+00   1.0297317273254218E-04   1.2588249530891552E-06   2.4853313131127118E-06
         3         94   0.0000000000000000E+00   1.9252182150907632E-03   5.1806897208181798E-05   6.4129929705573387E-05
         3         95   0.0000000000000000E+00   1.6433384716380739E-03   1.0196825919491602E-04   8.6669711615223297E-05
         3         96   0.0000000000000000E+00   1.5254385681053449E-03   9.2517354261297403E-05   8.6248636992786228E-05
         3         97   0.0000000000000000E+00   2.3790214975878336E-03   5.4711404360076515E-05   6.6924152851041067E-05
         3         98   0.0000000000000000E+00   1.6227843778513283E-03   9.7496875567510736E-05   9.2738456219929285E-05
         3         99   0.0000000000000000E+00   2.5724647264962746E-03   9.2184878015837130E-05   1.4981008856031805E-04
         3        100   0.0000000000000000E+00   4.1700304210585744E+00   2.2361810888039757E-01   2.0584599637439069E-01
         3        101   0.0000000000000000E+00   2.4293639112958800E+00   4.1471182874753304E-01   2.6908801717265174E-01
         3        102   0.0000000000000000E+00   3.0358172095424405E+00   4.2298949014802756E-01   2.8648651593559288E-01
         3        103   0.0000000000000000E+00   4.7499828788888703E+00   2.2465773388121030E-01   2.1408572042403992E-01
         3        104   0.0000000000000000E+00   3.2173596874942332E+00   4.2674740521871335E-01   2.9917281010001218E-01
         3        105   0.0000000000000000E+00   5.4208516080901550E+00   3.8234965560395756E-01   5.4930389461371054E-01
         3        106   0.0000000000000000E+00   3.8402046116621431E+00   2.0511263176426636E-01   1.8473054834159744E-01
         3        107   0.0000000000000000E+00   2.3700646192642312E+00   3.8596032732119812E-01   2.4393198147015877E-01
         3        108   0.0000000000000000E+00   2.6632718148839722E+00   3.8809629128122730E-01   2.5462634011468183E-01
         3        109   0.0000000000000000E+00   4.3982716441866216E+00   2.0785003230088422E-01   1.8993351988452092E-01
         3        110   0.0000000000000000E+00   2.7279293315030331E+00   3.9318171231644194E-01   2.7043462000322560E-01
         3        111   0.0000000000000000E+00   5.0589824268187149E+00   3.5635450725278189E-01   5.0980410757348260E-01
         3        112   0.0000000000000000E+00   1.1955504073556935E+00   6.3901615467603229E-02   6.2360309287968582E-02
         3        113   0.0000000000000000E+00   9.1759081735048154E-01   1.1760872494843827E-01   8.2044622492409236E-02
         3        114   0.0000000000000000E+00   1.0664962497766524E+00   1.1921580575085965E-01   8.6012488633734341E-02
         3        115   0.0000000000000000E+00   1.3602851764847366E+00   6.4428776791761677E-02   6.5535682719171942E-02
         3        116   0.0000000000000000E+00   1.1352135880126055E+00   1.2006699313650387E-01   8.8301095038840594E-02
         3        117   0.0000000000000000E+00   1.5516560668762376E+00   1.0917002992203710E-01   1.5718708611314938E-01
         3        118   0.0000000000000000E+00   8.6572459796206847E-01   4.4869293521171312E-02   4.0662183171781878E-02
         3        119   0.0000000000000000E+00   5.8835415439301186E-01   8.5758682716464099E-02   5.4263233213927772E-02
         3        120   0.0000000000000000E+00   6.7242176028420508E-01   8.4107653956476860E-02   5.5304098115842047E-02
         3        121   0.0000000000000000E+00   1.0085739417868309E+00   4.6230896516416820E-02   4.1463348316807619E-02
         3        122   0.0000000000000000E+00   7.0860890886845807E-01   8.5844302652444193E-02   5.9091182092250324E-02
         3        123   0.0000000000000000E+00   1.1897868856799465E+00   7.8743259310824709E-02   1.1263063239307386E-01
         3        124   0.0000000000000000E+00   2.7917035616610670E+00   1.4371129281180300E-01   1.3590991329502763E-01
         3        125   0.0000000000000000E+00   1.6485369977790527E+00   2.6769017429321046E-01   1.7782443728048661E-01
         3        126   0.0000000000000000E+00   2.0078237516752351E+00   2.7314193647610741E-01   1.8902936908113827E-01
         3        127   0.0000000000000000E+00   3.1861312230152921E+00   1.4473103985896105E-01   1.4185404662520873E-01
         3        128   0.0000000000000000E+00   2.1235221690108648E+00   2.7595374852265347E-01   1.9741489038814836E-01
         3        129   0.0000000000000000E+00   3.5772924153140098E+00   2.4795585507235757E-01   3.6005433041224422E-01
         3        130   0.0000000000000000E+00   2.5429951763531653E+00   1.3042287874638947E-01   1.2063346631098398E-01
         3        131   0.0000000000000000E+00   1.5859547541699521E+00   2.4645567434654744E-01   1.5958720984500763E-01
         3        132   0.0000000000000000E+00   1.7576251776412026E+00   2.4738783825041089E-01   1.6596883784789629E-01
         3        133   0.0000000000000000E+00   2.9214303239209385E+00   1.3254871099246010E-01   1.2457066829333867E-01
         3        134   0.0000000000000000E+00   1.7932990861761520E+00   2.5103461039326885E-01   1.7645752918197877E-01
         3        135   0.0000000000000000E+00   3.3059861655771114E+00   2.2855066930359191E-01   3.3007344938317246E-01
         3        136   0.0000000000000000E+00   8.0099643237582985E-01   4.0989158167399085E-02   4.1405292102421810E-02
         3        137   0.0000000000000000E+00   6.1178279346366915E-01   7.6006653332673799E-02   5.4798220447548264E-02
         3        138   0.0000000000000000E+00   7.0696322960767111E-01   7.7125605561911156E-02   5.7279781731154292E-02
         3        139   0.0000000000000000E+00   9.1271762771224652E-01   4.1497705301815131E-02   4.3740097530376706E-02
         3        140   0.0000000000000000E+00   7.5170976692307467E-01   7.7718964407772956E-02   5.8689738729431201E-02
         3        141   0.0000000000000000E+00   1.0244414570054334E+00   7.0837231494498637E-02   1.0330434112734048E-01
         3        142   0.0000000000000000E+00   5.5228804707017898E-01   2.7445698425848427E-02   2.5516614897092959E-02
         3        143   0.0000000000000000E+00   3.8020064328119962E-01   5.2685176851117808E-02   3.4113413731920429E-02
         3        144   0.0000000000000000E+00   4.2574715923240175E-01   5.1501327508791599E-02   3.4612856706112451E-02
         3        145   0.0000000000000000E+00   6.4801672862172599E-01   2.8398270505239596E-02   2.6146778379217483E-02
         3        146   0.0000000000000000E+00   4.5182073300201903E-01   5.2631758808936668E-02   3.7009178469225114E-02
         3        147   0.0000000000000000E+00   7.5313520728729311E-01   4.8525960220349364E-02   7.0000250356092752E-02
         3        148   0.0000000000000000E+00   2.5780243314632395E-01   9.3925172881427297E-03   1.0405112875726659E-02
         3        149   0.0000000000000000E+00   1.6517796467896390E-01   1.7922026713738971E-02   1.3765371595029651E-02
         3        150   0.0000000000000000E+00   1.7448203972483278E-01   1.8280801521919059E-02   1.4752484115231859E-02
         3        151   0.0000000000000000E+00   2.9183202545747938E-01   9.6688065851896973E-03   1.1164900437408478E-02
         3        152   0.0000000000000000E+00   1.8169485419969233E-01   1.8705714156930141E-02   1.5447273164592615E-02
         3        153   0.0000000000000000E+00   3.0856990020009956E-01   1.7029204836410364E-02   2.6238977599727736E-02
         3        154   0.0000000000000000E+00   2.2112184940471372E-01   8.0634289787008730E-03   8.7543609689113861E-03
         3        155   0.0000000000000000E+00   1.4507174592010671E-01   1.5650343436044437E-02   1.1840277535838216E-02
         3        156   0.0000000000000000E+00   1.5108969103799613E-01   1.5532152503431918E-02   1.2317350276926391E-02
         3        157   0.0000000000000000E+00   2.5271661579417881E-01   8.3910196124952260E-03   9.3622884547868955E-03
         3        158   0.0000000000000000E+00   1.5088705059294519E-01   1.5985187750919568E-02   1.3113781375305843E-02
         3        159   0.0000000000000000E+00   2.6802560916213425E-01   1.4833505023439860E-02   2.2715533100107765E-02
         3        160   0.0000000000000000E+00   7.4531057870107983E-02   2.6477250234833659E-03   3.2581643869064045E-03
         3        161   0.0000000000000000E+00   6.1419695580276011E-02   5.1209732858273028E-03   4.4690658346408603E-03
         3        162   0.0000000000000000E+00   6.3188924321547005E-02   5.2136383367426663E-03   4.6574925921791703E-03
         3        163   0.0000000000000000E+00   8.4028771029522678E-02   2.7738060634900225E-03   3.5715018182466392E-03
         3        164   0.0000000000000000E+00   6.5011390757451770E-02   5.3028950623520222E-03   4.7755340664103517E-03
         3        165   0.0000000000000000E+00   8.8857713888858450E-02   4.8943068410368896E-03   7.6656156501149399E-03
         3        166   0.0000000000000000E+00   3.7850474129051397E-02   1.3516520553636204E-03   1.4998807679679224E-03
         3        167   0.0000000000000000E+00   2.9018359455197439E-02   2.6822967252707899E-03   2.0737954618461076E-03
         3        168   0.0000000000000000E+00   2.8587289282557184E-02   2.5604850626487494E-03   2.0672173978286690E-03
         3        169   0.0000000000000000E+00   4.4913361367542225E-02   1.4408913446954867E-03   1.5963337017931482E-03
         3        170   0.0000000000000000E+00   2.9950036120505889E-02   2.6503902507464530E-03   2.2131305531117485E-03
         3        171   0.0000000000000000E+00   4.8314049366370071E-02   2.5116310107403980E-03   3.8560242624028429E-03
